測定局コード,日付,時,SO2(ppm),NO(ppm),NO2(ppm),NOx(ppm),CO(ppm),Ox(ppm),NMHC(ppmC),CH4(ppmC),THC(ppmC),SPM(mg/m3),PM2.5(μg/m3),SP(mg/m3),WD(16Dir),WS(m/s),TEMP(℃),HUM(％)
27117510,2025/08/01,01,,0.001,0.006,0.007,,,,,,0.013,10,,,,,
27117510,2025/08/01,02,,0.001,0.005,0.006,,,,,,0.021,9,,,,,
27117510,2025/08/01,03,,0.002,0.007,0.009,,,,,,0.011,8,,,,,
27117510,2025/08/01,04,,0.004,0.008,0.012,,,,,,0.017,8,,,,,
27117510,2025/08/01,05,,0.002,0.008,0.010,,,,,,0.025,10,,,,,
27117510,2025/08/01,06,,0.005,0.011,0.016,,,,,,0.023,9,,,,,
27117510,2025/08/01,07,,0.011,0.013,0.024,,,,,,0.027,9,,,,,
27117510,2025/08/01,08,,0.014,0.019,0.033,,,,,,0.026,8,,,,,
27117510,2025/08/01,09,,0.012,0.020,0.032,,,,,,0.022,10,,,,,
27117510,2025/08/01,10,,0.009,0.019,0.028,,,,,,0.026,13,,,,,
27117510,2025/08/01,11,,0.011,0.020,0.031,,,,,,0.033,15,,,,,
27117510,2025/08/01,12,,0.005,0.013,0.018,,,,,,0.026,16,,,,,
27117510,2025/08/01,13,,0.005,0.015,0.020,,,,,,0.027,16,,,,,
27117510,2025/08/01,14,,0.005,0.018,0.023,,,,,,0.040,15,,,,,
27117510,2025/08/01,15,,0.004,0.019,0.023,,,,,,0.031,18,,,,,
27117510,2025/08/01,16,,0.003,0.019,0.022,,,,,,0.039,20,,,,,
27117510,2025/08/01,17,,0.003,0.018,0.021,,,,,,0.042,20,,,,,
27117510,2025/08/01,18,,0.004,0.017,0.021,,,,,,0.008,16,,,,,
27117510,2025/08/01,19,,0.008,0.009,0.017,,,,,,0.014,10,,,,,
27117510,2025/08/01,20,,0.005,0.008,0.013,,,,,,0.021,10,,,,,
27117510,2025/08/01,21,,0.003,0.005,0.008,,,,,,0.019,11,,,,,
27117510,2025/08/01,22,,0.002,0.005,0.007,,,,,,0.023,10,,,,,
27117510,2025/08/01,23,,0.002,0.004,0.006,,,,,,0.025,9,,,,,
27117510,2025/08/01,24,,0.002,0.004,0.006,,,,,,0.019,11,,,,,
27117510,2025/08/02,01,,0.002,0.004,0.006,,,,,,0.016,10,,,,,
27117510,2025/08/02,02,,0.002,0.004,0.006,,,,,,0.024,11,,,,,
27117510,2025/08/02,03,,0.002,0.004,0.006,,,,,,0.020,10,,,,,
27117510,2025/08/02,04,,0.002,0.005,0.007,,,,,,0.018,14,,,,,
27117510,2025/08/02,05,,0.003,0.006,0.009,,,,,,0.023,13,,,,,
27117510,2025/08/02,06,,0.005,0.008,0.013,,,,,,0.018,11,,,,,
27117510,2025/08/02,07,,0.005,0.008,0.013,,,,,,0.021,10,,,,,
27117510,2025/08/02,08,,0.007,0.012,0.019,,,,,,0.017,7,,,,,
27117510,2025/08/02,09,,0.007,0.012,0.019,,,,,,0.016,11,,,,,
27117510,2025/08/02,10,,0.008,0.008,0.016,,,,,,0.016,11,,,,,
27117510,2025/08/02,11,,0.009,0.011,0.020,,,,,,0.022,9,,,,,
27117510,2025/08/02,12,,0.007,0.010,0.017,,,,,,0.016,9,,,,,
27117510,2025/08/02,13,,0.005,0.009,0.014,,,,,,0.019,9,,,,,
27117510,2025/08/02,14,,0.006,0.009,0.015,,,,,,0.016,10,,,,,
27117510,2025/08/02,15,,0.006,0.008,0.014,,,,,,0.014,9,,,,,
27117510,2025/08/02,16,,0.008,0.008,0.016,,,,,,0.015,9,,,,,
27117510,2025/08/02,17,,0.008,0.010,0.018,,,,,,0.015,9,,,,,
27117510,2025/08/02,18,,0.006,0.007,0.013,,,,,,0.021,10,,,,,
27117510,2025/08/02,19,,0.005,0.006,0.011,,,,,,0.026,11,,,,,
27117510,2025/08/02,20,,0.003,0.005,0.008,,,,,,0.028,9,,,,,
27117510,2025/08/02,21,,0.002,0.003,0.005,,,,,,0.023,9,,,,,
27117510,2025/08/02,22,,0.002,0.004,0.006,,,,,,0.023,9,,,,,
27117510,2025/08/02,23,,0.002,0.005,0.007,,,,,,0.018,8,,,,,
27117510,2025/08/02,24,,0.002,0.004,0.006,,,,,,0.019,10,,,,,
27117510,2025/08/03,01,,0.002,0.004,0.006,,,,,,0.018,8,,,,,
27117510,2025/08/03,02,,0.001,0.003,0.004,,,,,,0.019,9,,,,,
27117510,2025/08/03,03,,0.003,0.004,0.007,,,,,,0.018,8,,,,,
27117510,2025/08/03,04,,0.005,0.007,0.012,,,,,,0.020,9,,,,,
27117510,2025/08/03,05,,0.002,0.005,0.007,,,,,,0.024,9,,,,,
27117510,2025/08/03,06,,0.003,0.006,0.009,,,,,,0.021,10,,,,,
27117510,2025/08/03,07,,0.003,0.006,0.009,,,,,,0.024,9,,,,,
27117510,2025/08/03,08,,0.005,0.007,0.012,,,,,,0.022,8,,,,,
27117510,2025/08/03,09,,0.005,0.008,0.013,,,,,,0.014,9,,,,,
27117510,2025/08/03,10,,0.004,0.007,0.011,,,,,,0.017,9,,,,,
27117510,2025/08/03,11,,0.002,0.006,0.008,,,,,,0.018,12,,,,,
27117510,2025/08/03,12,,0.003,0.007,0.010,,,,,,0.022,10,,,,,
27117510,2025/08/03,13,,0.002,0.007,0.009,,,,,,0.022,11,,,,,
27117510,2025/08/03,14,,0.002,0.008,0.010,,,,,,0.020,11,,,,,
27117510,2025/08/03,15,,0.002,0.010,0.012,,,,,,0.021,12,,,,,
27117510,2025/08/03,16,,0.002,0.008,0.010,,,,,,0.029,13,,,,,
27117510,2025/08/03,17,,0.002,0.007,0.009,,,,,,0.011,13,,,,,
27117510,2025/08/03,18,,0.002,0.007,0.009,,,,,,0.036,13,,,,,
27117510,2025/08/03,19,,0.002,0.009,0.011,,,,,,0.024,13,,,,,
27117510,2025/08/03,20,,0.001,0.008,0.009,,,,,,0.045,14,,,,,
27117510,2025/08/03,21,,0.001,0.011,0.012,,,,,,0.034,12,,,,,
27117510,2025/08/03,22,,0.001,0.011,0.012,,,,,,0.023,11,,,,,
27117510,2025/08/03,23,,0.002,0.010,0.012,,,,,,0.020,11,,,,,
27117510,2025/08/03,24,,0.001,0.008,0.009,,,,,,0.022,12,,,,,
27117510,2025/08/04,01,,0.001,0.008,0.009,,,,,,0.027,14,,,,,
27117510,2025/08/04,02,,0.001,0.006,0.007,,,,,,0.036,17,,,,,
27117510,2025/08/04,03,,0.001,0.008,0.009,,,,,,0.047,18,,,,,
27117510,2025/08/04,04,,0.001,0.008,0.009,,,,,,0.042,19,,,,,
27117510,2025/08/04,05,,0.001,0.008,0.009,,,,,,0.031,20,,,,,
27117510,2025/08/04,06,,0.008,0.020,0.028,,,,,,0.032,17,,,,,
27117510,2025/08/04,07,,0.013,0.023,0.036,,,,,,0.030,16,,,,,
27117510,2025/08/04,08,,0.008,0.020,0.028,,,,,,0.025,17,,,,,
27117510,2025/08/04,09,,0.010,0.020,0.030,,,,,,0.031,20,,,,,
27117510,2025/08/04,10,,0.008,0.018,0.026,,,,,,0.044,23,,,,,
27117510,2025/08/04,11,,0.007,0.015,0.022,,,,,,0.043,28,,,,,
27117510,2025/08/04,12,,0.005,0.015,0.020,,,,,,0.043,29,,,,,
27117510,2025/08/04,13,,0.006,0.012,0.018,,,,,,0.064,24,,,,,
27117510,2025/08/04,14,,0.006,0.012,0.018,,,,,,0.023,17,,,,,
27117510,2025/08/04,15,,0.008,0.014,0.022,,,,,,0.016,14,,,,,
27117510,2025/08/04,16,,0.008,0.013,0.021,,,,,,0.053,19,,,,,
27117510,2025/08/04,17,,0.008,0.013,0.021,,,,,,0.053,19,,,,,
27117510,2025/08/04,18,,0.009,0.017,0.026,,,,,,0.019,15,,,,,
27117510,2025/08/04,19,,0.006,0.013,0.019,,,,,,0.055,19,,,,,
27117510,2025/08/04,20,,0.004,0.010,0.014,,,,,,0.056,22,,,,,
27117510,2025/08/04,21,,0.002,0.007,0.009,,,,,,0.046,22,,,,,
27117510,2025/08/04,22,,0.002,0.008,0.010,,,,,,0.059,27,,,,,
27117510,2025/08/04,23,,0.002,0.005,0.007,,,,,,0.061,25,,,,,
27117510,2025/08/04,24,,0.002,0.006,0.008,,,,,,0.049,23,,,,,
27117510,2025/08/05,01,,0.002,0.005,0.007,,,,,,0.034,17,,,,,
27117510,2025/08/05,02,,0.001,0.002,0.003,,,,,,0.014,11,,,,,
27117510,2025/08/05,03,,0.002,0.004,0.006,,,,,,0.030,9,,,,,
27117510,2025/08/05,04,,0.002,0.003,0.005,,,,,,0,6,,,,,
27117510,2025/08/05,05,,0.003,0.007,0.010,,,,,,0.019,6,,,,,
27117510,2025/08/05,06,,0.014,0.014,0.028,,,,,,0.020,6,,,,,
27117510,2025/08/05,07,,0.013,0.011,0.024,,,,,,0.006,6,,,,,
27117510,2025/08/05,08,,0.017,0.010,0.027,,,,,,0.019,5,,,,,
27117510,2025/08/05,09,,0.014,0.011,0.025,,,,,,0.017,7,,,,,
27117510,2025/08/05,10,,0.012,0.012,0.024,,,,,,0.012,8,,,,,
27117510,2025/08/05,11,,0.011,0.012,0.023,,,,,,0.022,10,,,,,
27117510,2025/08/05,12,,0.008,0.012,0.020,,,,,,0.008,7,,,,,
27117510,2025/08/05,13,,0.007,0.010,0.017,,,,,,0.014,8,,,,,
27117510,2025/08/05,14,,0.008,0.011,0.019,,,,,,0,6,,,,,
27117510,2025/08/05,15,,0.009,0.010,0.019,,,,,,0.027,9,,,,,
27117510,2025/08/05,16,,0.012,0.014,0.026,,,,,,0.021,11,,,,,
27117510,2025/08/05,17,,0.006,0.013,0.019,,,,,,0.023,13,,,,,
27117510,2025/08/05,18,,0.009,0.014,0.023,,,,,,0.039,10,,,,,
27117510,2025/08/05,19,,0.007,0.012,0.019,,,,,,0.043,9,,,,,
27117510,2025/08/05,20,,0.007,0.014,0.021,,,,,,0.036,11,,,,,
27117510,2025/08/05,21,,0.002,0.011,0.013,,,,,,0.034,12,,,,,
27117510,2025/08/05,22,,0.002,0.010,0.012,,,,,,0.021,9,,,,,
27117510,2025/08/05,23,,0.003,0.011,0.014,,,,,,0.023,9,,,,,
27117510,2025/08/05,24,,0.002,0.010,0.012,,,,,,0.025,9,,,,,
27117510,2025/08/06,01,,0.003,0.012,0.015,,,,,,0.030,8,,,,,
27117510,2025/08/06,02,,0.002,0.010,0.012,,,,,,0.005,9,,,,,
27117510,2025/08/06,03,,0.002,0.008,0.010,,,,,,0.011,10,,,,,
27117510,2025/08/06,04,,0.001,0.005,0.006,,,,,,0.030,12,,,,,
27117510,2025/08/06,05,,0.002,0.006,0.008,,,,,,0.013,9,,,,,
27117510,2025/08/06,06,,0.004,0.009,0.013,,,,,,0.026,9,,,,,
27117510,2025/08/06,07,,0.008,0.012,0.020,,,,,,0.022,9,,,,,
27117510,2025/08/06,08,,0.014,0.015,0.029,,,,,,0.016,8,,,,,
27117510,2025/08/06,09,,0.015,0.018,0.033,,,,,,0.015,10,,,,,
27117510,2025/08/06,10,,0.012,0.016,0.028,,,,,,0.013,10,,,,,
27117510,2025/08/06,11,,0.008,0.015,0.023,,,,,,0.010,8,,,,,
27117510,2025/08/06,12,,0.005,0.013,0.018,,,,,,0.015,10,,,,,
27117510,2025/08/06,13,,0.004,0.009,0.013,,,,,,0.004,8,,,,,
27117510,2025/08/06,14,,0.004,0.009,0.013,,,,,,0.023,8,,,,,
27117510,2025/08/06,15,,0.005,0.009,0.014,,,,,,0.025,9,,,,,
27117510,2025/08/06,16,,0.006,0.010,0.016,,,,,,0.029,11,,,,,
27117510,2025/08/06,17,,0.005,0.011,0.016,,,,,,0.034,13,,,,,
27117510,2025/08/06,18,,0.004,0.011,0.015,,,,,,0.023,13,,,,,
27117510,2025/08/06,19,,0.004,0.013,0.017,,,,,,0.092,19,,,,,
27117510,2025/08/06,20,,0.004,0.013,0.017,,,,,,0.065,25,,,,,
27117510,2025/08/06,21,,0.003,0.013,0.016,,,,,,0.081,24,,,,,
27117510,2025/08/06,22,,0.002,0.016,0.018,,,,,,0.086,25,,,,,
27117510,2025/08/06,23,,0.003,0.013,0.016,,,,,,0.039,22,,,,,
27117510,2025/08/06,24,,0.003,0.012,0.015,,,,,,0.038,20,,,,,
27117510,2025/08/07,01,,0.002,0.009,0.011,,,,,,0.017,20,,,,,
27117510,2025/08/07,02,,0.002,0.008,0.010,,,,,,0.056,20,,,,,
27117510,2025/08/07,03,,0.001,0.006,0.007,,,,,,0.043,17,,,,,
27117510,2025/08/07,04,,0.002,0.007,0.009,,,,,,0.034,14,,,,,
27117510,2025/08/07,05,,0.002,0.007,0.009,,,,,,0.026,12,,,,,
27117510,2025/08/07,06,,0.004,0.009,0.013,,,,,,0.014,10,,,,,
27117510,2025/08/07,07,,0.006,0.009,0.015,,,,,,0.028,9,,,,,
27117510,2025/08/07,08,,0.009,0.013,0.022,,,,,,0.025,10,,,,,
27117510,2025/08/07,09,,0.009,0.014,0.023,,,,,,0.032,10,,,,,
27117510,2025/08/07,10,,0.011,0.014,0.025,,,,,,0.018,9,,,,,
27117510,2025/08/07,11,,0.009,0.011,0.020,,,,,,0.015,8,,,,,
27117510,2025/08/07,12,,0.008,0.013,0.021,,,,,,0.014,7,,,,,
27117510,2025/08/07,13,,0.005,0.013,0.018,,,,,,0.016,8,,,,,
27117510,2025/08/07,14,,0.006,0.016,0.022,,,,,,0.015,7,,,,,
27117510,2025/08/07,15,,0.005,0.015,0.020,,,,,,0.010,7,,,,,
27117510,2025/08/07,16,,0.005,0.018,0.023,,,,,,0.021,9,,,,,
27117510,2025/08/07,17,,0.004,0.014,0.018,,,,,,0.008,9,,,,,
27117510,2025/08/07,18,,0.004,0.014,0.018,,,,,,0.019,9,,,,,
27117510,2025/08/07,19,,0.004,0.017,0.021,,,,,,0.015,8,,,,,
27117510,2025/08/07,20,,0.004,0.013,0.017,,,,,,0.014,7,,,,,
27117510,2025/08/07,21,,0.003,0.011,0.014,,,,,,0.015,7,,,,,
27117510,2025/08/07,22,,0.002,0.008,0.010,,,,,,0.019,6,,,,,
27117510,2025/08/07,23,,0.002,0.008,0.010,,,,,,0.015,6,,,,,
27117510,2025/08/07,24,,0.002,0.014,0.016,,,,,,0.017,8,,,,,
27117510,2025/08/08,01,,0.002,0.011,0.013,,,,,,0.016,7,,,,,
27117510,2025/08/08,02,,0.002,0.011,0.013,,,,,,0.020,8,,,,,
27117510,2025/08/08,03,,0.003,0.010,0.013,,,,,,0.014,8,,,,,
27117510,2025/08/08,04,,0.003,0.012,0.015,,,,,,0.020,8,,,,,
27117510,2025/08/08,05,,0.004,0.014,0.018,,,,,,0.015,8,,,,,
27117510,2025/08/08,06,,0.007,0.017,0.024,,,,,,0.020,9,,,,,
27117510,2025/08/08,07,,0.016,0.021,0.037,,,,,,0.018,8,,,,,
27117510,2025/08/08,08,,0.017,0.025,0.042,,,,,,0.019,8,,,,,
27117510,2025/08/08,09,,0.013,0.022,0.035,,,,,,0.015,9,,,,,
27117510,2025/08/08,10,,0.013,0.024,0.037,,,,,,0.010,9,,,,,
27117510,2025/08/08,11,,0.009,0.023,0.032,,,,,,0.019,9,,,,,
27117510,2025/08/08,12,,0.008,0.025,0.033,,,,,,0.018,11,,,,,
27117510,2025/08/08,13,,0.009,0.024,0.033,,,,,,0.021,11,,,,,
27117510,2025/08/08,14,,-,-,-,,,,,,-,-,,,,,
27117510,2025/08/08,15,,0.006,0.022,0.028,,,,,,0.002,-,,,,,
27117510,2025/08/08,16,,0.006,0.020,0.026,,,,,,0.012,11,,,,,
27117510,2025/08/08,17,,0.004,0.020,0.024,,,,,,0.019,12,,,,,
27117510,2025/08/08,18,,0.006,0.018,0.024,,,,,,0.050,12,,,,,
27117510,2025/08/08,19,,0.005,0.018,0.023,,,,,,0.010,7,,,,,
27117510,2025/08/08,20,,0.004,0.018,0.022,,,,,,0.013,7,,,,,
27117510,2025/08/08,21,,0.004,0.010,0.014,,,,,,0.020,12,,,,,
27117510,2025/08/08,22,,0.002,0.007,0.009,,,,,,0.015,6,,,,,
27117510,2025/08/08,23,,0.002,0.009,0.011,,,,,,0.012,7,,,,,
27117510,2025/08/08,24,,0.002,0.009,0.011,,,,,,0.013,6,,,,,
27117510,2025/08/09,01,,0.003,0.011,0.014,,,,,,0.013,7,,,,,
27117510,2025/08/09,02,,0.002,0.009,0.011,,,,,,0.016,6,,,,,
27117510,2025/08/09,03,,0.003,0.008,0.011,,,,,,0.025,7,,,,,
27117510,2025/08/09,04,,0.004,0.010,0.014,,,,,,0.013,7,,,,,
27117510,2025/08/09,05,,0.003,0.008,0.011,,,,,,0.012,5,,,,,
27117510,2025/08/09,06,,0.005,0.009,0.014,,,,,,0.008,7,,,,,
27117510,2025/08/09,07,,0.006,0.009,0.015,,,,,,0.012,6,,,,,
27117510,2025/08/09,08,,0.010,0.012,0.022,,,,,,0.018,7,,,,,
27117510,2025/08/09,09,,0.008,0.012,0.020,,,,,,0.014,7,,,,,
27117510,2025/08/09,10,,0.007,0.015,0.022,,,,,,0.021,10,,,,,
27117510,2025/08/09,11,,0.007,0.017,0.024,,,,,,0.020,12,,,,,
27117510,2025/08/09,12,,0.004,0.016,0.020,,,,,,0.020,9,,,,,
27117510,2025/08/09,13,,0.002,0.013,0.015,,,,,,0.019,14,,,,,
27117510,2025/08/09,14,,0.003,0.014,0.017,,,,,,0.011,12,,,,,
27117510,2025/08/09,15,,0.004,0.011,0.015,,,,,,0.016,10,,,,,
27117510,2025/08/09,16,,0.003,0.012,0.015,,,,,,0.019,13,,,,,
27117510,2025/08/09,17,,0.003,0.013,0.016,,,,,,0.041,12,,,,,
27117510,2025/08/09,18,,0.002,0.009,0.011,,,,,,0.025,12,,,,,
27117510,2025/08/09,19,,0.002,0.012,0.014,,,,,,0.029,12,,,,,
27117510,2025/08/09,20,,0.002,0.012,0.014,,,,,,0.026,11,,,,,
27117510,2025/08/09,21,,0.002,0.014,0.016,,,,,,0.007,9,,,,,
27117510,2025/08/09,22,,0.002,0.012,0.014,,,,,,0.012,9,,,,,
27117510,2025/08/09,23,,0.001,0.007,0.008,,,,,,0.011,6,,,,,
27117510,2025/08/09,24,,0.001,0.008,0.009,,,,,,0.011,8,,,,,
27117510,2025/08/10,01,,0.001,0.008,0.009,,,,,,0.011,6,,,,,
27117510,2025/08/10,02,,0.001,0.006,0.007,,,,,,0.011,8,,,,,
27117510,2025/08/10,03,,0.001,0.004,0.005,,,,,,0.011,6,,,,,
27117510,2025/08/10,04,,0.002,0.007,0.009,,,,,,0.011,6,,,,,
27117510,2025/08/10,05,,0.002,0.007,0.009,,,,,,0.026,9,,,,,
27117510,2025/08/10,06,,0.003,0.010,0.013,,,,,,0.022,10,,,,,
27117510,2025/08/10,07,,0.005,0.010,0.015,,,,,,0.020,8,,,,,
27117510,2025/08/10,08,,0.004,0.007,0.011,,,,,,0.012,6,,,,,
27117510,2025/08/10,09,,0.003,0.004,0.007,,,,,,0.011,4,,,,,
27117510,2025/08/10,10,,0.003,0.004,0.007,,,,,,0.020,8,,,,,
27117510,2025/08/10,11,,0.003,0.005,0.008,,,,,,0.021,9,,,,,
27117510,2025/08/10,12,,0.002,0.004,0.006,,,,,,0.023,9,,,,,
27117510,2025/08/10,13,,0.003,0.005,0.008,,,,,,0.033,9,,,,,
27117510,2025/08/10,14,,0.003,0.006,0.009,,,,,,0.013,10,,,,,
27117510,2025/08/10,15,,0.003,0.005,0.008,,,,,,0.039,18,,,,,
27117510,2025/08/10,16,,0.004,0.005,0.009,,,,,,0.023,12,,,,,
27117510,2025/08/10,17,,0.002,0.005,0.007,,,,,,0.047,13,,,,,
27117510,2025/08/10,18,,0.003,0.005,0.008,,,,,,0.010,11,,,,,
27117510,2025/08/10,19,,0.002,0.006,0.008,,,,,,0.033,12,,,,,
27117510,2025/08/10,20,,0.002,0.006,0.008,,,,,,0.045,13,,,,,
27117510,2025/08/10,21,,0.002,0.005,0.007,,,,,,0.024,8,,,,,
27117510,2025/08/10,22,,0.002,0.004,0.006,,,,,,0,7,,,,,
27117510,2025/08/10,23,,0.002,0.006,0.008,,,,,,0.012,7,,,,,
27117510,2025/08/10,24,,0.001,0.004,0.005,,,,,,0.006,6,,,,,
27117510,2025/08/11,01,,0.001,0.002,0.003,,,,,,0.023,8,,,,,
27117510,2025/08/11,02,,0.001,0.002,0.003,,,,,,0.035,9,,,,,
27117510,2025/08/11,03,,0.001,0.002,0.003,,,,,,0.012,6,,,,,
27117510,2025/08/11,04,,0.002,0.002,0.004,,,,,,0.015,4,,,,,
27117510,2025/08/11,05,,0.001,0.004,0.005,,,,,,0.021,5,,,,,
27117510,2025/08/11,06,,0.002,0.003,0.005,,,,,,0.032,8,,,,,
27117510,2025/08/11,07,,0.004,0.007,0.011,,,,,,0.016,6,,,,,
27117510,2025/08/11,08,,0.005,0.009,0.014,,,,,,0.029,5,,,,,
27117510,2025/08/11,09,,0.004,0.007,0.011,,,,,,0.030,8,,,,,
27117510,2025/08/11,10,,0.005,0.007,0.012,,,,,,0.032,9,,,,,
27117510,2025/08/11,11,,0.005,0.008,0.013,,,,,,0.019,8,,,,,
27117510,2025/08/11,12,,0.006,0.008,0.014,,,,,,0.009,9,,,,,
27117510,2025/08/11,13,,0.003,0.005,0.008,,,,,,0.006,7,,,,,
27117510,2025/08/11,14,,0.004,0.005,0.009,,,,,,0.016,7,,,,,
27117510,2025/08/11,15,,0.003,0.004,0.007,,,,,,0.016,8,,,,,
27117510,2025/08/11,16,,0.003,0.004,0.007,,,,,,0.031,8,,,,,
27117510,2025/08/11,17,,0.003,0.003,0.006,,,,,,0.009,8,,,,,
27117510,2025/08/11,18,,0.002,0.003,0.005,,,,,,0.027,7,,,,,
27117510,2025/08/11,19,,0.002,0.006,0.008,,,,,,0.018,6,,,,,
27117510,2025/08/11,20,,0.002,0.007,0.009,,,,,,0.014,6,,,,,
27117510,2025/08/11,21,,0.002,0.006,0.008,,,,,,0.021,7,,,,,
27117510,2025/08/11,22,,0.002,0.005,0.007,,,,,,0.024,7,,,,,
27117510,2025/08/11,23,,0.002,0.006,0.008,,,,,,0.017,8,,,,,
27117510,2025/08/11,24,,0.001,0.003,0.004,,,,,,0.018,9,,,,,
27117510,2025/08/12,01,,0.001,0.003,0.004,,,,,,0.017,8,,,,,
27117510,2025/08/12,02,,0.002,0.003,0.005,,,,,,0.015,6,,,,,
27117510,2025/08/12,03,,0.002,0.002,0.004,,,,,,0.015,6,,,,,
27117510,2025/08/12,04,,0.001,0.002,0.003,,,,,,0.007,4,,,,,
27117510,2025/08/12,05,,0.002,0.002,0.004,,,,,,0.014,4,,,,,
27117510,2025/08/12,06,,0.003,0.003,0.006,,,,,,0.012,7,,,,,
27117510,2025/08/12,07,,0.003,0.003,0.006,,,,,,0.008,5,,,,,
27117510,2025/08/12,08,,0.005,0.005,0.010,,,,,,0.007,4,,,,,
27117510,2025/08/12,09,,0.006,0.005,0.011,,,,,,0.023,4,,,,,
27117510,2025/08/12,10,,0.008,0.006,0.014,,,,,,0.013,4,,,,,
27117510,2025/08/12,11,,0.006,0.007,0.013,,,,,,0.012,5,,,,,
27117510,2025/08/12,12,,0.005,0.008,0.013,,,,,,0.017,5,,,,,
27117510,2025/08/12,13,,0.006,0.007,0.013,,,,,,0.018,6,,,,,
27117510,2025/08/12,14,,0.007,0.008,0.015,,,,,,0.023,6,,,,,
27117510,2025/08/12,15,,0.006,0.009,0.015,,,,,,0.016,8,,,,,
27117510,2025/08/12,16,,0.007,0.009,0.016,,,,,,0.026,9,,,,,
27117510,2025/08/12,17,,0.009,0.011,0.020,,,,,,0.021,7,,,,,
27117510,2025/08/12,18,,0.008,0.011,0.019,,,,,,0.021,7,,,,,
27117510,2025/08/12,19,,0.008,0.011,0.019,,,,,,0.024,9,,,,,
27117510,2025/08/12,20,,0.006,0.010,0.016,,,,,,0.022,7,,,,,
27117510,2025/08/12,21,,0.005,0.010,0.015,,,,,,0.023,8,,,,,
27117510,2025/08/12,22,,0.003,0.010,0.013,,,,,,0.006,6,,,,,
27117510,2025/08/12,23,,0.003,0.010,0.013,,,,,,0.027,8,,,,,
27117510,2025/08/12,24,,0.003,0.011,0.014,,,,,,0.030,8,,,,,
27117510,2025/08/13,01,,0.003,0.011,0.014,,,,,,0.033,8,,,,,
27117510,2025/08/13,02,,0.002,0.008,0.010,,,,,,0.018,7,,,,,
27117510,2025/08/13,03,,0.004,0.009,0.013,,,,,,0.026,7,,,,,
27117510,2025/08/13,04,,0.004,0.009,0.013,,,,,,0.024,6,,,,,
27117510,2025/08/13,05,,0.004,0.010,0.014,,,,,,0.023,6,,,,,
27117510,2025/08/13,06,,0.012,0.011,0.023,,,,,,0.024,6,,,,,
27117510,2025/08/13,07,,0.013,0.009,0.022,,,,,,0.020,5,,,,,
27117510,2025/08/13,08,,0.018,0.011,0.029,,,,,,0.015,6,,,,,
27117510,2025/08/13,09,,0.014,0.009,0.023,,,,,,0.011,7,,,,,
27117510,2025/08/13,10,,0.012,0.009,0.021,,,,,,0.012,7,,,,,
27117510,2025/08/13,11,,0.007,0.008,0.015,,,,,,0.014,6,,,,,
27117510,2025/08/13,12,,0.006,0.009,0.015,,,,,,0.014,7,,,,,
27117510,2025/08/13,13,,0.004,0.008,0.012,,,,,,0.010,8,,,,,
27117510,2025/08/13,14,,0.004,0.008,0.012,,,,,,0.014,9,,,,,
27117510,2025/08/13,15,,0.004,0.009,0.013,,,,,,0.027,12,,,,,
27117510,2025/08/13,16,,0.003,0.009,0.012,,,,,,0.022,12,,,,,
27117510,2025/08/13,17,,0.003,0.008,0.011,,,,,,0.050,11,,,,,
27117510,2025/08/13,18,,0.004,0.007,0.011,,,,,,0.036,10,,,,,
27117510,2025/08/13,19,,0.003,0.008,0.011,,,,,,0.018,9,,,,,
27117510,2025/08/13,20,,0.004,0.009,0.013,,,,,,0.012,7,,,,,
27117510,2025/08/13,21,,0.003,0.009,0.012,,,,,,0.022,7,,,,,
27117510,2025/08/13,22,,0.002,0.015,0.017,,,,,,0.044,8,,,,,
27117510,2025/08/13,23,,0.002,0.010,0.012,,,,,,0.009,6,,,,,
27117510,2025/08/13,24,,0.002,0.008,0.010,,,,,,0.031,7,,,,,
27117510,2025/08/14,01,,0.002,0.009,0.011,,,,,,0.018,6,,,,,
27117510,2025/08/14,02,,0.002,0.010,0.012,,,,,,0.021,6,,,,,
27117510,2025/08/14,03,,0.002,0.011,0.013,,,,,,0.013,6,,,,,
27117510,2025/08/14,04,,0.004,0.010,0.014,,,,,,0.017,6,,,,,
27117510,2025/08/14,05,,0.003,0.009,0.012,,,,,,0.010,6,,,,,
27117510,2025/08/14,06,,0.007,0.010,0.017,,,,,,0.029,8,,,,,
27117510,2025/08/14,07,,0.013,0.009,0.022,,,,,,0.022,7,,,,,
27117510,2025/08/14,08,,0.012,0.010,0.022,,,,,,0.015,7,,,,,
27117510,2025/08/14,09,,0.008,0.012,0.020,,,,,,0.021,9,,,,,
27117510,2025/08/14,10,,0.004,0.010,0.014,,,,,,0.020,11,,,,,
27117510,2025/08/14,11,,0.005,0.010,0.015,,,,,,0.020,11,,,,,
27117510,2025/08/14,12,,0.003,0.011,0.014,,,,,,0.024,12,,,,,
27117510,2025/08/14,13,,0.002,0.010,0.012,,,,,,0.027,13,,,,,
27117510,2025/08/14,14,,0.003,0.010,0.013,,,,,,0.023,15,,,,,
27117510,2025/08/14,15,,0.003,0.011,0.014,,,,,,0.045,18,,,,,
27117510,2025/08/14,16,,0.002,0.011,0.013,,,,,,0.035,22,,,,,
27117510,2025/08/14,17,,0.003,0.010,0.013,,,,,,0.038,18,,,,,
27117510,2025/08/14,18,,0.003,0.012,0.015,,,,,,0.035,20,,,,,
27117510,2025/08/14,19,,0.002,0.012,0.014,,,,,,0.044,19,,,,,
27117510,2025/08/14,20,,0.004,0.007,0.011,,,,,,0.044,12,,,,,
27117510,2025/08/14,21,,0.002,0.009,0.011,,,,,,0.029,13,,,,,
27117510,2025/08/14,22,,0.002,0.009,0.011,,,,,,0.032,13,,,,,
27117510,2025/08/14,23,,0.001,0.008,0.009,,,,,,0.020,11,,,,,
27117510,2025/08/14,24,,0.002,0.008,0.010,,,,,,0.028,10,,,,,
27117510,2025/08/15,01,,0.002,0.007,0.009,,,,,,0.025,9,,,,,
27117510,2025/08/15,02,,0.002,0.008,0.010,,,,,,0.023,10,,,,,
27117510,2025/08/15,03,,0.002,0.008,0.010,,,,,,0.021,9,,,,,
27117510,2025/08/15,04,,0.002,0.009,0.011,,,,,,0.018,10,,,,,
27117510,2025/08/15,05,,0.002,0.009,0.011,,,,,,0.028,10,,,,,
27117510,2025/08/15,06,,0.006,0.011,0.017,,,,,,0.009,9,,,,,
27117510,2025/08/15,07,,0.006,0.009,0.015,,,,,,0.021,10,,,,,
27117510,2025/08/15,08,,0.008,0.010,0.018,,,,,,0.022,10,,,,,
27117510,2025/08/15,09,,0.006,0.010,0.016,,,,,,0.015,9,,,,,
27117510,2025/08/15,10,,0.005,0.010,0.015,,,,,,0.023,11,,,,,
27117510,2025/08/15,11,,0.005,0.011,0.016,,,,,,0.027,13,,,,,
27117510,2025/08/15,12,,0.004,0.011,0.015,,,,,,0.023,13,,,,,
27117510,2025/08/15,13,,0.004,0.011,0.015,,,,,,0.074,17,,,,,
27117510,2025/08/15,14,,0.004,0.011,0.015,,,,,,0.012,11,,,,,
27117510,2025/08/15,15,,0.002,0.010,0.012,,,,,,0.024,13,,,,,
27117510,2025/08/15,16,,0.002,0.009,0.011,,,,,,0.034,16,,,,,
27117510,2025/08/15,17,,0.002,0.008,0.010,,,,,,0.024,12,,,,,
27117510,2025/08/15,18,,0.003,0.011,0.014,,,,,,0.014,10,,,,,
27117510,2025/08/15,19,,0.004,0.013,0.017,,,,,,0.030,11,,,,,
27117510,2025/08/15,20,,0.002,0.011,0.013,,,,,,0.016,11,,,,,
27117510,2025/08/15,21,,0.003,0.010,0.013,,,,,,0.015,11,,,,,
27117510,2025/08/15,22,,0.003,0.011,0.014,,,,,,0.024,10,,,,,
27117510,2025/08/15,23,,0.002,0.008,0.010,,,,,,0.013,11,,,,,
27117510,2025/08/15,24,,0.003,0.006,0.009,,,,,,0.010,8,,,,,
27117510,2025/08/16,01,,0.003,0.005,0.008,,,,,,0.018,8,,,,,
27117510,2025/08/16,02,,0.003,0.006,0.009,,,,,,0.026,11,,,,,
27117510,2025/08/16,03,,0.004,0.007,0.011,,,,,,0.019,10,,,,,
27117510,2025/08/16,04,,0.004,0.007,0.011,,,,,,0.017,10,,,,,
27117510,2025/08/16,05,,0.003,0.007,0.010,,,,,,0.022,10,,,,,
27117510,2025/08/16,06,,0.006,0.009,0.015,,,,,,0.023,10,,,,,
27117510,2025/08/16,07,,0.008,0.008,0.016,,,,,,0.023,10,,,,,
27117510,2025/08/16,08,,0.010,0.009,0.019,,,,,,0.022,11,,,,,
27117510,2025/08/16,09,,0.007,0.011,0.018,,,,,,0.019,11,,,,,
27117510,2025/08/16,10,,0.004,0.011,0.015,,,,,,0.019,12,,,,,
27117510,2025/08/16,11,,0.004,0.011,0.015,,,,,,0.019,14,,,,,
27117510,2025/08/16,12,,0.003,0.011,0.014,,,,,,0.023,13,,,,,
27117510,2025/08/16,13,,0.003,0.009,0.012,,,,,,0.018,11,,,,,
27117510,2025/08/16,14,,0.003,0.009,0.012,,,,,,0.038,14,,,,,
27117510,2025/08/16,15,,0.003,0.008,0.011,,,,,,0.035,16,,,,,
27117510,2025/08/16,16,,0.003,0.008,0.011,,,,,,0.029,18,,,,,
27117510,2025/08/16,17,,0.002,0.007,0.009,,,,,,0.043,18,,,,,
27117510,2025/08/16,18,,0.002,0.006,0.008,,,,,,0.030,17,,,,,
27117510,2025/08/16,19,,0.003,0.009,0.012,,,,,,0.055,15,,,,,
27117510,2025/08/16,20,,0.003,0.008,0.011,,,,,,0.020,11,,,,,
27117510,2025/08/16,21,,0.002,0.007,0.009,,,,,,0.026,11,,,,,
27117510,2025/08/16,22,,0.002,0.008,0.010,,,,,,0.031,13,,,,,
27117510,2025/08/16,23,,0.002,0.007,0.009,,,,,,0.015,11,,,,,
27117510,2025/08/16,24,,0.001,0.006,0.007,,,,,,0.031,13,,,,,
27117510,2025/08/17,01,,0.002,0.006,0.008,,,,,,0.031,11,,,,,
27117510,2025/08/17,02,,0.001,0.006,0.007,,,,,,0.018,11,,,,,
27117510,2025/08/17,03,,0.001,0.003,0.004,,,,,,0.020,9,,,,,
27117510,2025/08/17,04,,0.002,0.003,0.005,,,,,,0.019,8,,,,,
27117510,2025/08/17,05,,0.001,0.004,0.005,,,,,,0.016,10,,,,,
27117510,2025/08/17,06,,0.002,0.005,0.007,,,,,,0.023,12,,,,,
27117510,2025/08/17,07,,0.003,0.006,0.009,,,,,,0.021,10,,,,,
27117510,2025/08/17,08,,0.003,0.006,0.009,,,,,,0.017,8,,,,,
27117510,2025/08/17,09,,0.003,0.006,0.009,,,,,,0.017,7,,,,,
27117510,2025/08/17,10,,0.002,0.006,0.008,,,,,,0.013,7,,,,,
27117510,2025/08/17,11,,0.003,0.007,0.010,,,,,,0.016,9,,,,,
27117510,2025/08/17,12,,0.002,0.006,0.008,,,,,,0.022,10,,,,,
27117510,2025/08/17,13,,0.002,0.008,0.010,,,,,,0.021,12,,,,,
27117510,2025/08/17,14,,0.003,0.008,0.011,,,,,,0.022,13,,,,,
27117510,2025/08/17,15,,0.002,0.008,0.010,,,,,,0.023,12,,,,,
27117510,2025/08/17,16,,0.002,0.008,0.010,,,,,,0.006,12,,,,,
27117510,2025/08/17,17,,0.002,0.007,0.009,,,,,,0.057,15,,,,,
27117510,2025/08/17,18,,0.002,0.007,0.009,,,,,,0.022,12,,,,,
27117510,2025/08/17,19,,0.003,0.010,0.013,,,,,,0.030,10,,,,,
27117510,2025/08/17,20,,0.003,0.009,0.012,,,,,,0.018,9,,,,,
27117510,2025/08/17,21,,0.002,0.006,0.008,,,,,,0.013,7,,,,,
27117510,2025/08/17,22,,0.001,0.007,0.008,,,,,,0.006,7,,,,,
27117510,2025/08/17,23,,0.002,0.007,0.009,,,,,,0.032,8,,,,,
27117510,2025/08/17,24,,0.001,0.007,0.008,,,,,,0.009,6,,,,,
27117510,2025/08/18,01,,0.001,0.007,0.008,,,,,,0.015,7,,,,,
27117510,2025/08/18,02,,0.001,0.006,0.007,,,,,,0.012,7,,,,,
27117510,2025/08/18,03,,0.002,0.006,0.008,,,,,,0.018,9,,,,,
27117510,2025/08/18,04,,0.002,0.007,0.009,,,,,,0.019,8,,,,,
27117510,2025/08/18,05,,0.002,0.008,0.010,,,,,,0.018,7,,,,,
27117510,2025/08/18,06,,0.007,0.012,0.019,,,,,,0.018,6,,,,,
27117510,2025/08/18,07,,0.008,0.012,0.020,,,,,,0.013,5,,,,,
27117510,2025/08/18,08,,0.013,0.015,0.028,,,,,,0.014,8,,,,,
27117510,2025/08/18,09,,0.014,0.019,0.033,,,,,,0.021,9,,,,,
27117510,2025/08/18,10,,0.013,0.020,0.033,,,,,,0.014,10,,,,,
27117510,2025/08/18,11,,0.013,0.021,0.034,,,,,,0.018,10,,,,,
27117510,2025/08/18,12,,0.009,0.020,0.029,,,,,,0.011,11,,,,,
27117510,2025/08/18,13,,0.005,0.013,0.018,,,,,,0.019,12,,,,,
27117510,2025/08/18,14,,0.005,0.016,0.021,,,,,,0.019,12,,,,,
27117510,2025/08/18,15,,0.005,0.015,0.020,,,,,,0.019,13,,,,,
27117510,2025/08/18,16,,0.005,0.016,0.021,,,,,,0.021,13,,,,,
27117510,2025/08/18,17,,0.004,0.017,0.021,,,,,,0.019,12,,,,,
27117510,2025/08/18,18,,0.004,0.018,0.022,,,,,,0.027,13,,,,,
27117510,2025/08/18,19,,0.003,0.014,0.017,,,,,,0.040,12,,,,,
27117510,2025/08/18,20,,0.003,0.014,0.017,,,,,,0.017,11,,,,,
27117510,2025/08/18,21,,0.002,0.011,0.013,,,,,,0.061,12,,,,,
27117510,2025/08/18,22,,0.002,0.011,0.013,,,,,,0.036,10,,,,,
27117510,2025/08/18,23,,0.001,0.008,0.009,,,,,,0.027,11,,,,,
27117510,2025/08/18,24,,0.002,0.008,0.010,,,,,,0.017,9,,,,,
27117510,2025/08/19,01,,0.002,0.009,0.011,,,,,,0.013,9,,,,,
27117510,2025/08/19,02,,0.002,0.007,0.009,,,,,,0.016,9,,,,,
27117510,2025/08/19,03,,0.002,0.006,0.008,,,,,,0.008,7,,,,,
27117510,2025/08/19,04,,0.003,0.007,0.010,,,,,,0.005,6,,,,,
27117510,2025/08/19,05,,0.003,0.008,0.011,,,,,,0.015,6,,,,,
27117510,2025/08/19,06,,0.008,0.014,0.022,,,,,,0.010,6,,,,,
27117510,2025/08/19,07,,0.011,0.014,0.025,,,,,,0.008,3,,,,,
27117510,2025/08/19,08,,0.017,0.016,0.033,,,,,,0.006,5,,,,,
27117510,2025/08/19,09,,0.017,0.017,0.034,,,,,,0.011,7,,,,,
27117510,2025/08/19,10,,0.015,0.016,0.031,,,,,,0.014,7,,,,,
27117510,2025/08/19,11,,0.010,0.016,0.026,,,,,,0.018,7,,,,,
27117510,2025/08/19,12,,-,-,-,,,,,,-,-,,,,,
27117510,2025/08/19,13,,0.007,0.015,0.022,,,,,,0.005,9,,,,,
27117510,2025/08/19,14,,0.006,0.013,0.019,,,,,,0.011,10,,,,,
27117510,2025/08/19,15,,0.007,0.014,0.021,,,,,,0.015,8,,,,,
27117510,2025/08/19,16,,0.007,0.013,0.020,,,,,,0.016,8,,,,,
27117510,2025/08/19,17,,0.005,0.014,0.019,,,,,,0.019,11,,,,,
27117510,2025/08/19,18,,0.005,0.013,0.018,,,,,,0.019,10,,,,,
27117510,2025/08/19,19,,0.003,0.013,0.016,,,,,,0.028,8,,,,,
27117510,2025/08/19,20,,0.004,0.011,0.015,,,,,,0.015,7,,,,,
27117510,2025/08/19,21,,0.004,0.011,0.015,,,,,,0.025,5,,,,,
27117510,2025/08/19,22,,0.003,0.010,0.013,,,,,,0.011,4,,,,,
27117510,2025/08/19,23,,0.003,0.008,0.011,,,,,,0.007,3,,,,,
27117510,2025/08/19,24,,0.002,0.006,0.008,,,,,,0.005,3,,,,,
27117510,2025/08/20,01,,0.002,0.007,0.009,,,,,,0.002,4,,,,,
27117510,2025/08/20,02,,0.002,0.009,0.011,,,,,,0.013,4,,,,,
27117510,2025/08/20,03,,0.004,0.007,0.011,,,,,,0.004,4,,,,,
27117510,2025/08/20,04,,0.003,0.007,0.010,,,,,,0.002,2,,,,,
27117510,2025/08/20,05,,0.003,0.005,0.008,,,,,,0.011,3,,,,,
27117510,2025/08/20,06,,0.012,0.013,0.025,,,,,,0.015,4,,,,,
27117510,2025/08/20,07,,0.017,0.010,0.027,,,,,,0.009,3,,,,,
27117510,2025/08/20,08,,0.019,0.015,0.034,,,,,,0.003,4,,,,,
27117510,2025/08/20,09,,0.017,0.017,0.034,,,,,,0.008,5,,,,,
27117510,2025/08/20,10,,0.016,0.019,0.035,,,,,,0.017,8,,,,,
27117510,2025/08/20,11,,0.016,0.019,0.035,,,,,,0.025,10,,,,,
27117510,2025/08/20,12,,0.008,0.017,0.025,,,,,,0.013,10,,,,,
27117510,2025/08/20,13,,0.007,0.018,0.025,,,,,,0.021,11,,,,,
27117510,2025/08/20,14,,0.004,0.014,0.018,,,,,,0.021,14,,,,,
27117510,2025/08/20,15,,0.005,0.014,0.019,,,,,,0.018,13,,,,,
27117510,2025/08/20,16,,0.006,0.016,0.022,,,,,,0.023,13,,,,,
27117510,2025/08/20,17,,0.005,0.015,0.020,,,,,,0.030,13,,,,,
27117510,2025/08/20,18,,0.004,0.015,0.019,,,,,,0.024,14,,,,,
27117510,2025/08/20,19,,0.005,0.014,0.019,,,,,,0.019,10,,,,,
27117510,2025/08/20,20,,0.004,0.014,0.018,,,,,,0.023,8,,,,,
27117510,2025/08/20,21,,0.004,0.011,0.015,,,,,,0.018,6,,,,,
27117510,2025/08/20,22,,0.003,0.011,0.014,,,,,,0.012,4,,,,,
27117510,2025/08/20,23,,0.002,0.009,0.011,,,,,,0.001,3,,,,,
27117510,2025/08/20,24,,0.003,0.008,0.011,,,,,,0.018,3,,,,,
27117510,2025/08/21,01,,0.002,0.010,0.012,,,,,,0.009,3,,,,,
27117510,2025/08/21,02,,0.002,0.012,0.014,,,,,,0.003,3,,,,,
27117510,2025/08/21,03,,0.002,0.008,0.010,,,,,,0.006,5,,,,,
27117510,2025/08/21,04,,0.002,0.008,0.010,,,,,,0.007,6,,,,,
27117510,2025/08/21,05,,0.003,0.008,0.011,,,,,,0.007,5,,,,,
27117510,2025/08/21,06,,0.006,0.009,0.015,,,,,,0.015,5,,,,,
27117510,2025/08/21,07,,0.011,0.013,0.024,,,,,,0.011,4,,,,,
27117510,2025/08/21,08,,0.018,0.015,0.033,,,,,,0.017,8,,,,,
27117510,2025/08/21,09,,0.019,0.018,0.037,,,,,,0.012,8,,,,,
27117510,2025/08/21,10,,0.016,0.019,0.035,,,,,,0.017,8,,,,,
27117510,2025/08/21,11,,0.015,0.020,0.035,,,,,,0.021,8,,,,,
27117510,2025/08/21,12,,0.007,0.018,0.025,,,,,,0.011,9,,,,,
27117510,2025/08/21,13,,0.008,0.016,0.024,,,,,,0.005,7,,,,,
27117510,2025/08/21,14,,0.007,0.015,0.022,,,,,,0.005,6,,,,,
27117510,2025/08/21,15,,0.009,0.014,0.023,,,,,,0.008,5,,,,,
27117510,2025/08/21,16,,0.007,0.011,0.018,,,,,,0.026,9,,,,,
27117510,2025/08/21,17,,0.008,0.009,0.017,,,,,,0.003,6,,,,,
27117510,2025/08/21,18,,0.011,0.013,0.024,,,,,,0.001,4,,,,,
27117510,2025/08/21,19,,0.009,0.014,0.023,,,,,,0.036,4,,,,,
27117510,2025/08/21,20,,0.006,0.012,0.018,,,,,,0.027,5,,,,,
27117510,2025/08/21,21,,0.003,0.012,0.015,,,,,,0.009,5,,,,,
27117510,2025/08/21,22,,0.004,0.011,0.015,,,,,,0.008,4,,,,,
27117510,2025/08/21,23,,0.002,0.010,0.012,,,,,,0.008,4,,,,,
27117510,2025/08/21,24,,0.003,0.009,0.012,,,,,,0.010,4,,,,,
27117510,2025/08/22,01,,0.002,0.009,0.011,,,,,,0.006,3,,,,,
27117510,2025/08/22,02,,0.003,0.009,0.012,,,,,,0.009,4,,,,,
27117510,2025/08/22,03,,0.003,0.009,0.012,,,,,,0.006,4,,,,,
27117510,2025/08/22,04,,0.003,0.009,0.012,,,,,,0.006,3,,,,,
27117510,2025/08/22,05,,0.004,0.009,0.013,,,,,,0.009,4,,,,,
27117510,2025/08/22,06,,0.009,0.012,0.021,,,,,,0.004,4,,,,,
27117510,2025/08/22,07,,0.013,0.010,0.023,,,,,,0.010,3,,,,,
27117510,2025/08/22,08,,0.015,0.014,0.029,,,,,,0.009,5,,,,,
27117510,2025/08/22,09,,0.015,0.015,0.030,,,,,,0.012,5,,,,,
27117510,2025/08/22,10,,0.016,0.016,0.032,,,,,,0.012,5,,,,,
27117510,2025/08/22,11,,0.016,0.022,0.038,,,,,,0.011,8,,,,,
27117510,2025/08/22,12,,0.009,0.015,0.024,,,,,,0.010,5,,,,,
27117510,2025/08/22,13,,0.008,0.013,0.021,,,,,,0.017,6,,,,,
27117510,2025/08/22,14,,0.007,0.012,0.019,,,,,,0.006,5,,,,,
27117510,2025/08/22,15,,0.008,0.011,0.019,,,,,,0.004,5,,,,,
27117510,2025/08/22,16,,0.010,0.011,0.021,,,,,,0.006,2,,,,,
27117510,2025/08/22,17,,0.011,0.009,0.020,,,,,,0.015,3,,,,,
27117510,2025/08/22,18,,0.008,0.011,0.019,,,,,,0.017,4,,,,,
27117510,2025/08/22,19,,0.008,0.012,0.020,,,,,,0.014,4,,,,,
27117510,2025/08/22,20,,0.006,0.011,0.017,,,,,,0.011,4,,,,,
27117510,2025/08/22,21,,0.004,0.009,0.013,,,,,,0.018,4,,,,,
27117510,2025/08/22,22,,0.002,0.009,0.011,,,,,,0.014,5,,,,,
27117510,2025/08/22,23,,0.002,0.006,0.008,,,,,,0,4,,,,,
27117510,2025/08/22,24,,0.002,0.007,0.009,,,,,,0.008,4,,,,,
27117510,2025/08/23,01,,0.003,0.008,0.011,,,,,,0.012,5,,,,,
27117510,2025/08/23,02,,0.003,0.008,0.011,,,,,,0.012,5,,,,,
27117510,2025/08/23,03,,0.003,0.008,0.011,,,,,,0.008,6,,,,,
27117510,2025/08/23,04,,0.003,0.008,0.011,,,,,,0.012,7,,,,,
27117510,2025/08/23,05,,0.005,0.012,0.017,,,,,,0.013,5,,,,,
27117510,2025/08/23,06,,0.019,0.023,0.042,,,,,,0.019,6,,,,,
27117510,2025/08/23,07,,0.009,0.012,0.021,,,,,,0.008,6,,,,,
27117510,2025/08/23,08,,0.011,0.012,0.023,,,,,,0.009,5,,,,,
27117510,2025/08/23,09,,0.011,0.012,0.023,,,,,,0.013,7,,,,,
27117510,2025/08/23,10,,0.007,0.013,0.020,,,,,,0.018,10,,,,,
27117510,2025/08/23,11,,0.006,0.014,0.020,,,,,,0.024,12,,,,,
27117510,2025/08/23,12,,0.007,0.014,0.021,,,,,,0.020,11,,,,,
27117510,2025/08/23,13,,0.006,0.014,0.020,,,,,,0.025,10,,,,,
27117510,2025/08/23,14,,0.006,0.013,0.019,,,,,,0.020,13,,,,,
27117510,2025/08/23,15,,0.003,0.012,0.015,,,,,,0.025,15,,,,,
27117510,2025/08/23,16,,0.003,0.014,0.017,,,,,,0.024,15,,,,,
27117510,2025/08/23,17,,0.003,0.012,0.015,,,,,,0.024,16,,,,,
27117510,2025/08/23,18,,0.003,0.017,0.020,,,,,,0.021,17,,,,,
27117510,2025/08/23,19,,0.003,0.014,0.017,,,,,,0.026,17,,,,,
27117510,2025/08/23,20,,0.002,0.012,0.014,,,,,,0.041,17,,,,,
27117510,2025/08/23,21,,0.001,0.011,0.012,,,,,,0.044,22,,,,,
27117510,2025/08/23,22,,0.002,0.017,0.019,,,,,,0.041,18,,,,,
27117510,2025/08/23,23,,0.002,0.016,0.018,,,,,,0.035,17,,,,,
27117510,2025/08/23,24,,0.002,0.015,0.017,,,,,,0.057,18,,,,,
27117510,2025/08/24,01,,0.002,0.014,0.016,,,,,,0.033,16,,,,,
27117510,2025/08/24,02,,0.001,0.008,0.009,,,,,,0.031,16,,,,,
27117510,2025/08/24,03,,0.001,0.006,0.007,,,,,,0.042,16,,,,,
27117510,2025/08/24,04,,0.001,0.005,0.006,,,,,,0.031,17,,,,,
27117510,2025/08/24,05,,0.002,0.006,0.008,,,,,,0.036,17,,,,,
27117510,2025/08/24,06,,0.002,0.007,0.009,,,,,,0.037,17,,,,,
27117510,2025/08/24,07,,0.002,0.007,0.009,,,,,,0.039,16,,,,,
27117510,2025/08/24,08,,0.003,0.009,0.012,,,,,,0.035,16,,,,,
27117510,2025/08/24,09,,0.003,0.010,0.013,,,,,,0.032,18,,,,,
27117510,2025/08/24,10,,0.003,0.009,0.012,,,,,,0.029,17,,,,,
27117510,2025/08/24,11,,0.003,0.011,0.014,,,,,,0.043,16,,,,,
27117510,2025/08/24,12,,0.003,0.013,0.016,,,,,,0.037,16,,,,,
27117510,2025/08/24,13,,0.002,0.011,0.013,,,,,,0.035,17,,,,,
27117510,2025/08/24,14,,0.002,0.011,0.013,,,,,,0.033,17,,,,,
27117510,2025/08/24,15,,0.003,0.010,0.013,,,,,,0.027,16,,,,,
27117510,2025/08/24,16,,0.002,0.010,0.012,,,,,,0.036,17,,,,,
27117510,2025/08/24,17,,0.002,0.011,0.013,,,,,,0.031,18,,,,,
27117510,2025/08/24,18,,0.002,0.009,0.011,,,,,,0.039,19,,,,,
27117510,2025/08/24,19,,0.002,0.010,0.012,,,,,,0.077,20,,,,,
27117510,2025/08/24,20,,0.002,0.010,0.012,,,,,,0.142,22,,,,,
27117510,2025/08/24,21,,0.002,0.009,0.011,,,,,,0.065,17,,,,,
27117510,2025/08/24,22,,0.001,0.008,0.009,,,,,,0.077,15,,,,,
27117510,2025/08/24,23,,0.001,0.009,0.010,,,,,,0.024,14,,,,,
27117510,2025/08/24,24,,0.002,0.015,0.017,,,,,,0.015,15,,,,,
27117510,2025/08/25,01,,0.002,0.011,0.013,,,,,,0.012,15,,,,,
27117510,2025/08/25,02,,0.002,0.011,0.013,,,,,,0.031,15,,,,,
27117510,2025/08/25,03,,0.002,0.015,0.017,,,,,,0.058,17,,,,,
27117510,2025/08/25,04,,0.003,0.013,0.016,,,,,,0.044,16,,,,,
27117510,2025/08/25,05,,0.005,0.017,0.022,,,,,,0.040,15,,,,,
27117510,2025/08/25,06,,0.008,0.018,0.026,,,,,,0.043,16,,,,,
27117510,2025/08/25,07,,0.015,0.021,0.036,,,,,,0.046,15,,,,,
27117510,2025/08/25,08,,0.014,0.017,0.031,,,,,,0.026,13,,,,,
27117510,2025/08/25,09,,0.018,0.022,0.040,,,,,,0.044,13,,,,,
27117510,2025/08/25,10,,0.014,0.021,0.035,,,,,,0.031,14,,,,,
27117510,2025/08/25,11,,0.013,0.023,0.036,,,,,,0.039,15,,,,,
27117510,2025/08/25,12,,0.010,0.026,0.036,,,,,,0.030,16,,,,,
27117510,2025/08/25,13,,0.005,0.019,0.024,,,,,,0.024,20,,,,,
27117510,2025/08/25,14,,0.006,0.020,0.026,,,,,,0.020,17,,,,,
27117510,2025/08/25,15,,0.007,0.020,0.027,,,,,,0.032,17,,,,,
27117510,2025/08/25,16,,0.005,0.018,0.023,,,,,,0.023,18,,,,,
27117510,2025/08/25,17,,0.005,0.018,0.023,,,,,,0.025,18,,,,,
27117510,2025/08/25,18,,0.004,0.017,0.021,,,,,,0.027,15,,,,,
27117510,2025/08/25,19,,0.005,0.019,0.024,,,,,,0.050,16,,,,,
27117510,2025/08/25,20,,0.005,0.020,0.025,,,,,,0.042,15,,,,,
27117510,2025/08/25,21,,0.002,0.014,0.016,,,,,,0.023,12,,,,,
27117510,2025/08/25,22,,0.002,0.011,0.013,,,,,,0.023,13,,,,,
27117510,2025/08/25,23,,0.002,0.011,0.013,,,,,,0.022,14,,,,,
27117510,2025/08/25,24,,0.002,0.013,0.015,,,,,,0.030,14,,,,,
27117510,2025/08/26,01,,0.002,0.010,0.012,,,,,,0.031,13,,,,,
27117510,2025/08/26,02,,0.003,0.012,0.015,,,,,,0.005,12,,,,,
27117510,2025/08/26,03,,0.002,0.008,0.010,,,,,,0.016,12,,,,,
27117510,2025/08/26,04,,0.003,0.006,0.009,,,,,,0.023,15,,,,,
27117510,2025/08/26,05,,0.003,0.007,0.010,,,,,,0.032,18,,,,,
27117510,2025/08/26,06,,0.010,0.014,0.024,,,,,,0.028,16,,,,,
27117510,2025/08/26,07,,0.014,0.017,0.031,,,,,,0.029,16,,,,,
27117510,2025/08/26,08,,0.016,0.017,0.033,,,,,,0.031,20,,,,,
27117510,2025/08/26,09,,0.017,0.016,0.033,,,,,,0.034,17,,,,,
27117510,2025/08/26,10,,0.012,0.018,0.030,,,,,,0.043,25,,,,,
27117510,2025/08/26,11,,0.012,0.020,0.032,,,,,,0.045,25,,,,,
27117510,2025/08/26,12,,0.008,0.017,0.025,,,,,,0.033,21,,,,,
27117510,2025/08/26,13,,0.007,0.013,0.020,,,,,,0.031,21,,,,,
27117510,2025/08/26,14,,0.007,0.012,0.019,,,,,,0.034,21,,,,,
27117510,2025/08/26,15,,0.008,0.011,0.019,,,,,,0.050,31,,,,,
27117510,2025/08/26,16,,0.010,0.013,0.023,,,,,,0.030,22,,,,,
27117510,2025/08/26,17,,0.011,0.013,0.024,,,,,,0.019,14,,,,,
27117510,2025/08/26,18,,0.009,0.010,0.019,,,,,,0.018,13,,,,,
27117510,2025/08/26,19,,0.006,0.012,0.018,,,,,,0.042,13,,,,,
27117510,2025/08/26,20,,0.005,0.013,0.018,,,,,,0.027,12,,,,,
27117510,2025/08/26,21,,0.004,0.011,0.015,,,,,,0.017,10,,,,,
27117510,2025/08/26,22,,0.002,0.010,0.012,,,,,,0.037,12,,,,,
27117510,2025/08/26,23,,0.002,0.007,0.009,,,,,,0.014,12,,,,,
27117510,2025/08/26,24,,0.002,0.005,0.007,,,,,,0.017,10,,,,,
27117510,2025/08/27,01,,0.002,0.004,0.006,,,,,,0.013,9,,,,,
27117510,2025/08/27,02,,0.003,0.007,0.010,,,,,,0.017,8,,,,,
27117510,2025/08/27,03,,0.002,0.006,0.008,,,,,,0.004,9,,,,,
27117510,2025/08/27,04,,0.003,0.007,0.010,,,,,,0.018,10,,,,,
27117510,2025/08/27,05,,0.003,0.008,0.011,,,,,,0.019,10,,,,,
27117510,2025/08/27,06,,0.011,0.012,0.023,,,,,,0.038,11,,,,,
27117510,2025/08/27,07,,0.013,0.013,0.026,,,,,,0.028,13,,,,,
27117510,2025/08/27,08,,0.020,0.015,0.035,,,,,,0.029,16,,,,,
27117510,2025/08/27,09,,0.019,0.018,0.037,,,,,,0.036,20,,,,,
27117510,2025/08/27,10,,0.014,0.017,0.031,,,,,,0.036,21,,,,,
27117510,2025/08/27,11,,0.012,0.017,0.029,,,,,,0.043,21,,,,,
27117510,2025/08/27,12,,0.007,0.013,0.020,,,,,,0.038,24,,,,,
27117510,2025/08/27,13,,0.009,0.014,0.023,,,,,,0.049,25,,,,,
27117510,2025/08/27,14,,0.007,0.015,0.022,,,,,,0.031,22,,,,,
27117510,2025/08/27,15,,0.006,0.016,0.022,,,,,,0.041,25,,,,,
27117510,2025/08/27,16,,0.006,0.014,0.020,,,,,,0.024,22,,,,,
27117510,2025/08/27,17,,0.006,0.016,0.022,,,,,,0.049,21,,,,,
27117510,2025/08/27,18,,0.007,0.012,0.019,,,,,,0.053,21,,,,,
27117510,2025/08/27,19,,0.004,0.009,0.013,,,,,,0.033,17,,,,,
27117510,2025/08/27,20,,0.003,0.011,0.014,,,,,,0.046,18,,,,,
27117510,2025/08/27,21,,0.003,0.013,0.016,,,,,,0.041,17,,,,,
27117510,2025/08/27,22,,0.005,0.014,0.019,,,,,,0.033,15,,,,,
27117510,2025/08/27,23,,0.002,0.010,0.012,,,,,,0.020,11,,,,,
27117510,2025/08/27,24,,0.002,0.007,0.009,,,,,,0.023,10,,,,,
27117510,2025/08/28,01,,0.002,0.008,0.010,,,,,,0.022,10,,,,,
27117510,2025/08/28,02,,0.003,0.008,0.011,,,,,,0.019,9,,,,,
27117510,2025/08/28,03,,0.003,0.007,0.010,,,,,,0.017,9,,,,,
27117510,2025/08/28,04,,0.003,0.007,0.010,,,,,,0.018,8,,,,,
27117510,2025/08/28,05,,0.003,0.007,0.010,,,,,,0.019,9,,,,,
27117510,2025/08/28,06,,0.007,0.011,0.018,,,,,,0.014,8,,,,,
27117510,2025/08/28,07,,0.011,0.013,0.024,,,,,,0.014,5,,,,,
27117510,2025/08/28,08,,0.014,0.016,0.030,,,,,,0.017,9,,,,,
27117510,2025/08/28,09,,0.013,0.018,0.031,,,,,,0.011,9,,,,,
27117510,2025/08/28,10,,0.012,0.020,0.032,,,,,,0.012,6,,,,,
27117510,2025/08/28,11,,0.008,0.019,0.027,,,,,,0.013,7,,,,,
27117510,2025/08/28,12,,0.010,0.021,0.031,,,,,,0.012,8,,,,,
27117510,2025/08/28,13,,0.005,0.018,0.023,,,,,,0.016,10,,,,,
27117510,2025/08/28,14,,0.008,0.023,0.031,,,,,,0.014,11,,,,,
27117510,2025/08/28,15,,0.007,0.021,0.028,,,,,,0.011,10,,,,,
27117510,2025/08/28,16,,0.008,0.023,0.031,,,,,,0.015,10,,,,,
27117510,2025/08/28,17,,0.005,0.020,0.025,,,,,,0.021,12,,,,,
27117510,2025/08/28,18,,0.004,0.014,0.018,,,,,,0.060,13,,,,,
27117510,2025/08/28,19,,0.004,0.018,0.022,,,,,,0.002,9,,,,,
27117510,2025/08/28,20,,0.003,0.016,0.019,,,,,,0.036,11,,,,,
27117510,2025/08/28,21,,0.003,0.014,0.017,,,,,,0.022,11,,,,,
27117510,2025/08/28,22,,0.002,0.012,0.014,,,,,,0.060,19,,,,,
27117510,2025/08/28,23,,0.002,0.012,0.014,,,,,,0.060,26,,,,,
27117510,2025/08/28,24,,0.002,0.010,0.012,,,,,,0.056,25,,,,,
27117510,2025/08/29,01,,0.002,0.011,0.013,,,,,,0.057,26,,,,,
27117510,2025/08/29,02,,0.002,0.009,0.011,,,,,,0.047,24,,,,,
27117510,2025/08/29,03,,0.003,0.011,0.014,,,,,,0.045,23,,,,,
27117510,2025/08/29,04,,0.004,0.013,0.017,,,,,,0.040,21,,,,,
27117510,2025/08/29,05,,0.004,0.014,0.018,,,,,,0.045,21,,,,,
27117510,2025/08/29,06,,0.008,0.021,0.029,,,,,,0.032,18,,,,,
27117510,2025/08/29,07,,0.019,0.020,0.039,,,,,,0.029,15,,,,,
27117510,2025/08/29,08,,0.018,0.018,0.036,,,,,,0.027,13,,,,,
27117510,2025/08/29,09,,0.009,0.018,0.027,,,,,,0.024,15,,,,,
27117510,2025/08/29,10,,0.014,0.026,0.040,,,,,,0.026,18,,,,,
27117510,2025/08/29,11,,0.009,0.021,0.030,,,,,,0.030,17,,,,,
27117510,2025/08/29,12,,0.009,0.019,0.028,,,,,,0.017,13,,,,,
27117510,2025/08/29,13,,0.006,0.015,0.021,,,,,,0.022,13,,,,,
27117510,2025/08/29,14,,0.005,0.014,0.019,,,,,,0.016,13,,,,,
27117510,2025/08/29,15,,0.004,0.016,0.020,,,,,,0.025,15,,,,,
27117510,2025/08/29,16,,0.005,0.016,0.021,,,,,,0.017,12,,,,,
27117510,2025/08/29,17,,0.006,0.017,0.023,,,,,,0.015,15,,,,,
27117510,2025/08/29,18,,0.004,0.013,0.017,,,,,,0.044,18,,,,,
27117510,2025/08/29,19,,0.003,0.011,0.014,,,,,,0.026,16,,,,,
27117510,2025/08/29,20,,0.005,0.014,0.019,,,,,,0.032,17,,,,,
27117510,2025/08/29,21,,0.004,0.012,0.016,,,,,,0.033,13,,,,,
27117510,2025/08/29,22,,0.003,0.010,0.013,,,,,,0.029,12,,,,,
27117510,2025/08/29,23,,0.003,0.009,0.012,,,,,,0.036,14,,,,,
27117510,2025/08/29,24,,0.002,0.008,0.010,,,,,,0.016,11,,,,,
27117510,2025/08/30,01,,0.002,0.007,0.009,,,,,,0.016,10,,,,,
27117510,2025/08/30,02,,0.002,0.007,0.009,,,,,,0.028,11,,,,,
27117510,2025/08/30,03,,0.003,0.008,0.011,,,,,,0.018,11,,,,,
27117510,2025/08/30,04,,0.003,0.008,0.011,,,,,,0.018,9,,,,,
27117510,2025/08/30,05,,0.004,0.009,0.013,,,,,,0.023,8,,,,,
27117510,2025/08/30,06,,0.005,0.010,0.015,,,,,,0.019,9,,,,,
27117510,2025/08/30,07,,0.009,0.014,0.023,,,,,,0.015,8,,,,,
27117510,2025/08/30,08,,0.012,0.015,0.027,,,,,,0.020,11,,,,,
27117510,2025/08/30,09,,0.010,0.015,0.025,,,,,,0.023,11,,,,,
27117510,2025/08/30,10,,0.008,0.017,0.025,,,,,,0.020,12,,,,,
27117510,2025/08/30,11,,0.005,0.017,0.022,,,,,,0.028,15,,,,,
27117510,2025/08/30,12,,0.004,0.016,0.020,,,,,,0.026,14,,,,,
27117510,2025/08/30,13,,0.003,0.013,0.016,,,,,,0.039,17,,,,,
27117510,2025/08/30,14,,0.003,0.015,0.018,,,,,,0.025,17,,,,,
27117510,2025/08/30,15,,0.003,0.016,0.019,,,,,,0.030,19,,,,,
27117510,2025/08/30,16,,0.003,0.018,0.021,,,,,,0.031,20,,,,,
27117510,2025/08/30,17,,0.003,0.017,0.020,,,,,,0.025,18,,,,,
27117510,2025/08/30,18,,0.002,0.014,0.016,,,,,,0.031,19,,,,,
27117510,2025/08/30,19,,0.002,0.016,0.018,,,,,,0.026,17,,,,,
27117510,2025/08/30,20,,0.002,0.016,0.018,,,,,,0.032,15,,,,,
27117510,2025/08/30,21,,0.002,0.013,0.015,,,,,,0.035,16,,,,,
27117510,2025/08/30,22,,0.002,0.014,0.016,,,,,,0.030,18,,,,,
27117510,2025/08/30,23,,0.001,0.013,0.014,,,,,,0.047,17,,,,,
27117510,2025/08/30,24,,0.002,0.010,0.012,,,,,,0.022,15,,,,,
27117510,2025/08/31,01,,0.001,0.010,0.011,,,,,,0.031,14,,,,,
27117510,2025/08/31,02,,0.001,0.008,0.009,,,,,,0.022,12,,,,,
27117510,2025/08/31,03,,0.001,0.007,0.008,,,,,,0.025,13,,,,,
27117510,2025/08/31,04,,0.002,0.008,0.010,,,,,,0.026,11,,,,,
27117510,2025/08/31,05,,0.002,0.010,0.012,,,,,,0.015,11,,,,,
27117510,2025/08/31,06,,0.003,0.010,0.013,,,,,,0.020,10,,,,,
27117510,2025/08/31,07,,0.004,0.011,0.015,,,,,,0.019,10,,,,,
27117510,2025/08/31,08,,0.005,0.011,0.016,,,,,,0.024,10,,,,,
27117510,2025/08/31,09,,0.004,0.012,0.016,,,,,,0.024,14,,,,,
27117510,2025/08/31,10,,0.003,0.011,0.014,,,,,,0.017,14,,,,,
27117510,2025/08/31,11,,0.002,0.011,0.013,,,,,,0.024,14,,,,,
27117510,2025/08/31,12,,0.002,0.009,0.011,,,,,,0.022,17,,,,,
27117510,2025/08/31,13,,0.002,0.009,0.011,,,,,,0.024,15,,,,,
27117510,2025/08/31,14,,0.002,0.011,0.013,,,,,,0.023,15,,,,,
27117510,2025/08/31,15,,0.003,0.015,0.018,,,,,,0.024,15,,,,,
27117510,2025/08/31,16,,0.002,0.009,0.011,,,,,,0.020,17,,,,,
27117510,2025/08/31,17,,0.002,0.008,0.010,,,,,,0.017,13,,,,,
27117510,2025/08/31,18,,0.002,0.009,0.011,,,,,,0.037,15,,,,,
27117510,2025/08/31,19,,0.002,0.011,0.013,,,,,,0.074,18,,,,,
27117510,2025/08/31,20,,0.002,0.011,0.013,,,,,,0.045,17,,,,,
27117510,2025/08/31,21,,0.002,0.011,0.013,,,,,,0.030,15,,,,,
27117510,2025/08/31,22,,0.001,0.008,0.009,,,,,,0.015,10,,,,,
27117510,2025/08/31,23,,0.002,0.007,0.009,,,,,,0.014,7,,,,,
27117510,2025/08/31,24,,0.002,0.007,0.009,,,,,,0.011,8,,,,,
